1
777
Lluc
Calleja
12
00
20
00
777
0
3
s
1
1029302940
Victor-Manuel
Bosch
19
20
00
30
13
5
2022
1
1029374028
Zohra
Aranda
16
45
00
15
7
2
2022
1
1696122699
Ibon
Canales
12
10
00
13
4
8
2022
1
2038549038
Angela-Maria
Nadal
17
20
00
36
15
12
2022
1
2039405938
Eugenia
Olmo
16
26
01
34
8
6
2022
1
2837492840
Juan
Coca
15
16
00
29
16
9
2022
1
3305968375
Leonardo
Ferrero
12
30
00
10
23
10
2022
1
4029475692
Lina
Fuertes
18
45
00
17
27
3
2022
1
4059683746
Nestor
Tapia
14
00
01
25
21
7
2022
1
6121030199
Magdalena
Lima
13
17
00
25
1
5
2022
7
1
635
Lucio
Sola
09
00
17
00
635
2
4
s
1
2838749839
Aaron
Rial
10
11
00
28
12
5
2022
1
2934754938
Mariana
Cuevas
09
10
01
20
10
5
2022
1
3784745937
Beatriz
Gil
09
10
00
16
16
5
2022
1
3838745938
Alexander
San-Martin
15
45
00
28
19
5
2022
1
3937845782
Kevin
Puerto
14
14
00
15
1
5
2022
1
4292837482
Dina
Granados
11
20
00
24
12
5
2022
1
4393874945
Mia
Bello
13
13
00
16
3
5
2022
1
4442809267
Presentacion
Vilches
16
29
00
34
7
5
2022
1
4934729478
Flora
Alba
10
05
02
18
14
5
2022
1
8398404930
Triana
Soto
13
25
00
28
23
5
2022
7
1
938
Malak
Ceballos
11
00
18
00
938
1
2
s
1
2765434441
Nabil
Nadal
11
14
00
23
23
2
2022
1
4139395506
Aroa
Sanmartin
11
15
00
39
11
7
2022
1
4217525097
Leo
Rojo
13
23
00
56
16
9
2022
1
4640936473
Luciana
Bautista
14
19
00
26
19
12
2022
1
5789264239
Yaiza
Valverde
17
15
00
28
21
10
2022
1
6478343366
Marco-Antonio
Palazon
11
20
00
34
12
4
2022
1
6528320527
Aday
Luis
16
14
00
39
2
2
2022
1
7514735374
Elvira
Roman
16
15
00
35
5
6
2022
1
8884313514
Mayra
Ye
16
29
00
34
8
7
2022
1
9557397428
Eloisa
Mellado
12
17
00
56
12
5
2022
7
1
909
Josu
Rueda
08
00
16
00
909
0
5
s
1
3774222927
Kilian
Barcelo
14
00
00
45
23
3
2022
1
4299382256
Florin
Echevarria
08
16
01
23
1
8
2022
1
5969132720
Vega
Felipe
17
10
00
29
26
12
2022
1
6088692861
Anastasio
Mesa
15
19
00
23
12
6
2022
1
7176864831
Borja
Espino
11
29
00
34
16
7
2022
1
7942846787
Salome
San Miguel
08
10
01
16
9
9
2022
1
8054727406
Laila
Alvarez
10
20
00
39
12
10
2022
1
9096377856
Constantino
Rio
13
19
00
23
3
3
2022
1
9396231718
Desire
Calderon
09
10
00
45
8
2
2022
1
9879797758
Gloria
Zambrano
12
29
00
56
5
5
2022
7
1
847
Ursula
Paz
14
00
22
00
847
0
1
s
1
1213160493
Sabrina
Baena
15
15
00
36
13
5
2022
1
1866191717
Valeria
Llanos
19
23
01
28
9
6
2022
1
2364411936
Mary
Hinojosa
20
39
00
10
3
12
2022
1
3568828262
Denis
Sevillano
14
12
00
25
13
10
2022
1
3638423098
Demetrio
Brito
15
06
00
27
20
3
2022
1
4457587285
Damaris
Amado
17
34
00
45
29
6
2022
1
4746287851
Francisco-Javier
Villa
16
17
00
28
12
7
2022
1
7019196779
Adrian
Sans
22
57
01
15
15
3
2022
1
8347551771
Jose-Antonio
Salvador
18
10
00
24
12
5
2022
1
9379574073
Amaya
Salguero
16
29
00
13
21
1
2022
7
1
826
Pedro-Pablo
Quesada
10
00
18
00
826
5
2
s
1
2360607788
Eladio
Rodenas
18
48
00
35
4
1
2022
1
2918732568
Elisabeth
Gonzales
15
28
00
10
8
3
2022
1
3313387474
Oliva
Bejarano
17
29
01
56
12
7
2022
1
3490703532
Anastasio
Mira
13
29
00
34
17
9
2022
1
5907864694
Ezequiel
Rojas
12
13
00
45
29
10
2022
1
5978906043
Juliana
Amor
15
39
00
23
30
12
2022
1
6949599475
Ona
Megias
16
12
00
12
13
4
2022
1
8524751589
Agueda
Riera
10
16
01
36
9
3
2022
1
9158885693
Gael
Zheng
16
56
00
34
2
2
2022
1
9438118602
Eladio
Rodenas
11
18
00
23
17
5
2022
7
1
203
Ahmed
Gimeno
07
00
15
00
203
0
6
s
1
1142834629
Jacinta
Sousa
07
29
01
12
13
1
2022
1
2933298944
Natalia
Juan
09
10
00
13
1
2
2022
1
3290454262
Christian
Torres
10
39
01
56
5
7
2022
1
3539145638
Modesto
Jorge
13
20
00
23
8
8
2022
1
3572320275
Jose-Ignacio
Postigo
08
39
00
12
1
12
2022
1
3800459347
Rosa
Ortiz
08
05
00
23
16
7
2022
1
4616033447
Leticia
Berrocal
11
46
00
34
12
3
2022
1
4971490341
Maximino
Segura
14
15
00
26
24
8
2022
1
9683833326
Fernando
Alarcon
07
08
00
34
15
9
2022
1
9887175324
Oihane
Pla
12
14
01
23
12
11
2022
7
1
304
Alicia
Clemente
12
00
20
00
304
3
1
s
1
1264831176
Dunia
Lillo
14
05
00
28
2
1
2022
1
1995221525
Vicenta
Orellana
20
00
00
34
6
5
2022
1
3730052034
Mihai
Saura
15
12
00
36
3
3
2022
1
5341116254
Beatriz
Canovas
13
45
00
12
4
8
2022
1
6270791374
Aritz
Merino
15
12
00
23
17
12
2022
1
6518637016
Gael
Acedo
19
12
00
27
20
10
2022
1
7892600579
Nicolasa
Salcedo
14
45
00
46
23
5
2022
1
7920261609
Marian
Bosch
16
45
00
38
26
8
2022
1
8428394736
Blas
Cortes
15
20
00
38
29
9
2022
1
9732169531
Avelino
Rey
12
29
01
34
13
6
2022
7
1
159
Avelina
Ares
09
00
17
00
159
1
6
s
1
2379748429
Kilian
Armas
15
00
01
16
3
1
2022
1
2381427382
Salma
Requena
13
45
00
37
12
5
2022
1
2494087067
Delia
Sierra
16
56
00
25
18
9
2022
1
3282418765
Maria
Socorro
10
23
01
36
29
6
2022
1
3727362661
Omar
Adan
14
23
00
16
23
3
2022
1
4744894643
Youssef
Carbonell
13
10
01
35
26
2
2022
1
6133559607
Tatiana
del Olmo
16
14
00
26
14
1
2022
1
7539849409
Monserrat
Cifuentes
14
36
00
47
16
12
2022
1
7864575767
Alexia
Hoyos
11
35
00
36
18
3
2022
1
8441539240
Dylan
Cortes
09
20
00
12
9
8
2022
7
